version https://git-lfs.github.com/spec/v1
oid sha256:88bcd90e6050e863fe57fd7cd725d9053d064b666b0508eec5036a115bb2e1d9
size 15519430
